0.0 1.0 1.0 
0.10101010101 0.969512 0.963459 
0.20202020202 0.955285 0.945879 
0.30303030303 0.925738 0.910649 
0.40404040404 0.890467 0.869723 
0.505050505051 0.866873 0.840149 
0.606060606061 0.852156 0.818182 
0.707070707071 0.797949 0.752201 
0.808080808081 0.803882 0.758794 
0.909090909091 0.738997 0.681648 
1.0101010101 0.741803 0.694915 
1.11111111111 0.71093 0.64625 
1.21212121212 0.727829 0.672393 
1.31313131313 0.640974 0.57503 
1.41414141414 0.652352 0.58486 
1.51515151515 0.625128 0.545229 
1.61616161616 0.617497 0.543135 
1.71717171717 0.590437 0.50934 
1.81818181818 0.607984 0.522444 
1.91919191919 0.548519 0.449564 
2.0202020202 0.538541 0.441542 
2.12121212121 0.536114 0.425693 
2.22222222222 0.50409 0.407814 
2.32323232323 0.514995 0.420988 
2.42424242424 0.489186 0.373737 
2.52525252525 0.458547 0.336261 
2.62626262626 0.444785 0.323786 
2.72727272727 0.431352 0.314815 
2.82828282828 0.42132 0.294554 
2.92929292929 0.427846 0.315085 
3.0303030303 0.392457 0.264198 
3.13131313131 0.388151 0.25958 
3.23232323232 0.382022 0.24938 
3.33333333333 0.358818 0.226322 
3.43434343434 0.361768 0.229814 
3.53535353535 0.36131 0.224845 
3.63636363636 0.324408 0.195332 
3.73737373737 0.297242 0.153752 
3.83838383838 0.302254 0.173544 
3.93939393939 0.307143 0.1525 
4.0404040404 0.328189 0.159588 
4.14141414141 0.292608 0.139098 
4.24242424242 0.290256 0.12956 
4.34343434343 0.26386 0.124542 
4.44444444444 0.258799 0.123926 
4.54545454545 0.243655 0.109507 
4.64646464646 0.23251 0.0961071 
4.74747474747 0.259221 0.0970996 
4.84848484848 0.236923 0.0786517 
4.94949494949 0.216244 0.0507426 
5.05050505051 0.215526 0.0833333 
5.15151515152 0.224261 0.0620347 
5.25252525253 0.208419 0.0656934 
5.35353535354 0.203459 0.0526961 
5.45454545455 0.234151 0.0602564 
5.55555555556 0.183967 0.0401949 
5.65656565657 0.171311 0.0340633 
5.75757575758 0.179487 0.0309406 
5.85858585859 0.186544 0.0330882 
5.9595959596 0.162384 0.0232558 
6.06060606061 0.179303 0.0309023 
6.16161616162 0.196939 0.0330789 
6.26262626263 0.164118 0.0171359 
6.36363636364 0.165814 0.0224439 
6.46464646465 0.161389 0.0222772 
6.56565656566 0.145325 0.0109489 
6.66666666667 0.175331 0.0190114 
6.76767676768 0.159836 0.0224719 
6.86868686869 0.150254 0.0111524 
6.9696969697 0.131013 0.00965018 
7.07070707071 0.156218 0.00632111 
7.17171717172 0.149331 0.00870647 
7.27272727273 0.125638 0.00849515 
7.37373737374 0.130658 0.00373134 
7.47474747475 0.113937 0.00364964 
7.57575757576 0.131417 0.00615764 
7.67676767677 0.120494 0.00626566 
7.77777777778 0.146998 0.00385109 
7.87878787879 0.138352 0.00611247 
7.9797979798 0.105799 0.00473373 
8.08080808081 0.128497 0.00126743 
8.18181818182 0.118661 0.003663 
8.28282828283 0.121553 0.00122399 
8.38383838384 0.122574 0.00493827 
8.48484848485 0.131013 0.00248756 
8.58585858586 0.134969 0.00381679 
8.68686868687 0.11807 0.00248756 
8.78787878788 0.111452 0.00124224 
8.88888888889 0.105425 0.00239234 
8.9898989899 0.103696 0.00123305 
9.09090909091 0.118247 0.00246609 
9.19191919192 0.11236 0.0 
9.29292929293 0.099182 0.0 
9.39393939394 0.103166 0.0 
9.49494949495 0.0924025 0.00122549 
9.59595959596 0.117707 0.00125313 
9.69696969697 0.106295 0.00123916 
9.79797979798 0.105046 0.00245399 
9.89898989899 0.0884774 0.00247525 
10.0 0.103909 0.0 
